000810000
020000000
010900700
070025093
402000000
000000500
097500000
563000004
000000680

500063400
000700000
100050830
000018007
006900000
043000900
000000000
000070020
320640500

003460020
058020001
020900080
001000090
200783000
000000300
009006000
000000056
060070210

000000020
007500090
600004000
000007000
025096100
900000083
000600850
000010000
040320070

709805000
600100800
000000090
800400010
000050040
200007005
006000789
020900000
000003060

000004800
790580000
000090000
075000040
106200000
000000007
510300200
004800001
602400500

000800000
860000950
309002408
000001320
600000005
200000000
000000000
001903040
002004030

300060042
000005000
061030000
080007006
700020105
090000300
000013000
500006093
007400000

600000200
071300000
390400070
003002890
010080004
000500100
060008540
000000001
008200000

500600700
380000040
100304005
060800200
450200000
000001570
600010000
000000008
000040137

000800060
080100005
200006190
020000400
700000003
563000009
056030004
000005081
000090000

007009000
040800010
003000054
250007400
000000026
000000005
409003000
001002300
000010069

008670010
700009020
200000050
004008001
309010700
000020000
800300005
000000060
001000908

400010702
080002400
000300050
205006090
000000000
071900000
000005000
000080200
506000030

000000081
100040600
000800000
060004100
005003090
200070005
000017230
053008000
000000000

007000000
150020007
040090230
000060100
000000450
010503000
000610800
000700006
980000000

600002000
070400090
340090008
260005004
000000600
930700200
080000153
000000800
003800020

300000070
167000050
200000040
000078000
000900000
014000200
670190000
000030001
000200403

009001000
000000010
001603047
000400020
002000500
080200003
304000805
968040000
000070000

080904002
000020000
000716500
047500010
005000204
002000600
026000000
300000008
000070000

060070040
100080002
000400010
000009000
005840300
690300007
080000060
009000200
000050074

007000563
020000000
000090000
061000000
000006200
005400780
000784001
006500802
000000040

540006800
000100000
000000034
600000200
000001080
270090005
460050900
080000007
003400000

000000070
010904008
009000000
005001700
003009600
100067009
000000004
082046000
300080000

700000000
600003405
090000620
905000008
004090002
030500040
000007000
007805000
000020014

000000900
000010050
004730800
750002000
009087006
008000009
060000010
800070620
005300000

800050000
020000000
309000017
005004800
080003002
000000109
500008603
000760000
000300000

600010000
800040163
000080400
107000090
503070020
000005000
000000800
000001000
080060042

001040060
009000000
400500030
900020350
300901000
027000009
070250000
000007600
000800045

000840560
003009000
000000003
070000000
800600090
506900020
040507000
020080004
000400706